0.000010 0.000010 0.999980
0.000010 0.000010 0.999980
0.000010 0.269398 0.730592
0.000010 0.427147 0.572843
0.999980 0.000010 0.000010
0.000010 0.000010 0.999980
0.620859 0.379131 0.000010
0.284791 0.715199 0.000010
0.559033 0.000010 0.440957
0.307514 0.000010 0.692476
0.000010 0.000010 0.999980
0.000010 0.000010 0.999980
0.000010 0.999980 0.000010
0.000010 0.999980 0.000010
0.000010 0.999980 0.000010
0.000010 0.479415 0.520575
0.000010 0.999980 0.000010
0.000010 0.999980 0.000010
0.000010 0.000010 0.999980
0.000010 0.999980 0.000010
0.999980 0.000010 0.000010
0.999980 0.000010 0.000010
0.698173 0.000010 0.301817
0.000010 0.999980 0.000010
0.999980 0.000010 0.000010
0.340447 0.659543 0.000010
0.000010 0.000010 0.999980
0.000010 0.999980 0.000010
0.000010 0.000010 0.999980
0.999980 0.000010 0.000010
0.381604 0.461389 0.157008
0.000010 0.000010 0.999980
0.000010 0.293687 0.706303
0.000010 0.000010 0.999980
0.999980 0.000010 0.000010
0.275023 0.416480 0.308497
0.120386 0.879604 0.000010
0.999980 0.000010 0.000010
0.000010 0.000010 0.999980
0.000010 0.000010 0.999980
0.000010 0.525571 0.474419
0.323602 0.000010 0.676388
0.686107 0.000010 0.313883
0.000010 0.000010 0.999980
0.000010 0.000010 0.999980
0.881145 0.118845 0.000010
0.000010 0.999980 0.000010
0.999980 0.000010 0.000010
0.000010 0.000010 0.999980
0.000010 0.999980 0.000010
0.000010 0.000010 0.999980
0.000010 0.999980 0.000010
0.240176 0.759814 0.000010
0.434063 0.565927 0.000010
0.999980 0.000010 0.000010
0.000010 0.999980 0.000010
0.764075 0.000010 0.235915
0.000010 0.999980 0.000010
0.000010 0.700526 0.299464
0.811681 0.188309 0.000010
0.660918 0.339072 0.000010
0.881496 0.118494 0.000010
0.000010 0.999980 0.000010
0.999980 0.000010 0.000010
0.000010 0.161800 0.838190
0.000010 0.000010 0.999980
0.999980 0.000010 0.000010
0.999980 0.000010 0.000010
0.000010 0.606466 0.393524
0.000010 0.000010 0.999980
0.999980 0.000010 0.000010
0.000010 0.999980 0.000010
0.000010 0.999980 0.000010
0.000010 0.671513 0.328477
0.000010 0.000010 0.999980
0.999980 0.000010 0.000010
0.386856 0.613134 0.000010
0.000010 0.999980 0.000010
0.388519 0.000010 0.611471
0.000010 0.000010 0.999980
0.000010 0.000010 0.999980
0.635469 0.364521 0.000010
0.000010 0.999980 0.000010
0.000010 0.000010 0.999980
0.386741 0.000010 0.613249
0.000010 0.000010 0.999980
0.000010 0.999980 0.000010
0.000010 0.000010 0.999980
0.999980 0.000010 0.000010
0.999980 0.000010 0.000010
0.000010 0.000010 0.999980
0.999980 0.000010 0.000010
0.000010 0.000010 0.999980
0.999980 0.000010 0.000010
0.000010 0.999980 0.000010
0.605778 0.000010 0.394212
0.000010 0.999980 0.000010
