0.000010 0.999970 0.000010 0.000010
0.000011 0.999969 0.000010 0.000010
0.000010 0.000010 0.999970 0.000010
0.939406 0.000010 0.000010 0.060574
0.000010 0.304122 0.695858 0.000010
0.000010 0.000010 0.999970 0.000010
0.000010 0.000010 0.000010 0.999970
0.999970 0.000010 0.000010 0.000010
0.000010 0.000010 0.999970 0.000010
0.000010 0.000010 0.999970 0.000010
0.999970 0.000010 0.000010 0.000010
0.425948 0.000010 0.574032 0.000010
0.000010 0.999970 0.000010 0.000010
0.000010 0.000010 0.000010 0.999970
0.000010 0.000010 0.000010 0.999970
0.549549 0.450431 0.000010 0.000010
0.617829 0.000010 0.000010 0.382151
0.999970 0.000010 0.000010 0.000010
0.000010 0.000010 0.000010 0.999970
0.999970 0.000010 0.000010 0.000010
0.000010 0.636423 0.071587 0.291980
0.000010 0.999970 0.000010 0.000010
0.000010 0.000010 0.000010 0.999970
0.999970 0.000010 0.000010 0.000010
0.000010 0.000010 0.999970 0.000010
0.000010 0.999970 0.000010 0.000010
0.000010 0.000010 0.999970 0.000010
0.000010 0.999970 0.000010 0.000010
0.000010 0.999970 0.000010 0.000010
0.000010 0.000010 0.000010 0.999970
0.000010 0.245353 0.434191 0.320446
0.000010 0.000010 0.999970 0.000010
0.553143 0.446837 0.000010 0.000010
0.000010 0.000010 0.999970 0.000010
0.000010 0.000010 0.000010 0.999970
0.292729 0.707251 0.000010 0.000010
0.000010 0.390905 0.609075 0.000010
0.000010 0.610945 0.000010 0.389035
0.524612 0.475366 0.000012 0.000010
0.000010 0.999970 0.000010 0.000010
0.999970 0.000010 0.000010 0.000010
0.000010 0.000010 0.999970 0.000010
0.000010 0.000010 0.000010 0.999970
0.000010 0.000010 0.999970 0.000010
0.999970 0.000010 0.000010 0.000010
0.000010 0.000010 0.000010 0.999970
0.000010 0.000010 0.000010 0.999970
0.000010 0.000010 0.386319 0.613661
0.578437 0.421543 0.000010 0.000010
0.000010 0.000010 0.000010 0.999970
0.391637 0.000010 0.000010 0.608343
0.009149 0.990821 0.000020 0.000010
0.000010 0.999970 0.000010 0.000010
0.376460 0.499979 0.123551 0.000010
0.000010 0.246602 0.168509 0.584880
0.000010 0.999970 0.000010 0.000010
0.000010 0.000010 0.999970 0.000010
0.000010 0.999970 0.000010 0.000010
0.999970 0.000010 0.000010 0.000010
0.000010 0.451664 0.000010 0.548316
0.000010 0.000010 0.000010 0.999970
0.000018 0.000010 0.000010 0.999962
0.000010 0.000010 0.000010 0.999970
0.000010 0.999970 0.000010 0.000010
0.481042 0.000010 0.518938 0.000010
0.000010 0.000010 0.999970 0.000010
0.000010 0.999970 0.000010 0.000010
0.000010 0.000010 0.000010 0.999970
0.999970 0.000010 0.000010 0.000010
0.000010 0.482979 0.517001 0.000010
0.000010 0.000010 0.000010 0.999970
0.250284 0.749696 0.000010 0.000010
0.000010 0.000010 0.000010 0.999970
0.999970 0.000010 0.000010 0.000010
0.000010 0.000010 0.999970 0.000010
0.644089 0.000010 0.000010 0.355891
0.260004 0.739976 0.000010 0.000010
0.337129 0.662851 0.000010 0.000010
0.000010 0.000010 0.591937 0.408043
0.704001 0.295979 0.000010 0.000010
0.000010 0.290202 0.402245 0.307543
0.999970 0.000010 0.000010 0.000010
0.689979 0.310001 0.000010 0.000010
0.000010 0.268562 0.731418 0.000010
0.000010 0.000010 0.000010 0.999970
0.999970 0.000010 0.000010 0.000010
0.999970 0.000010 0.000010 0.000010
0.000010 0.000010 0.999970 0.000010
0.000010 0.000010 0.999970 0.000010
0.000010 0.999970 0.000010 0.000010
0.000010 0.000010 0.999970 0.000010
0.000010 0.999970 0.000010 0.000010
0.999970 0.000010 0.000010 0.000010
0.000010 0.000010 0.999970 0.000010
0.431992 0.000010 0.567988 0.000010
0.000010 0.000010 0.999970 0.000010
0.999970 0.000010 0.000010 0.000010
