0.000011 0.000010 0.999959 0.000010 0.000010
0.000010 0.999960 0.000010 0.000010 0.000010
0.999960 0.000010 0.000010 0.000010 0.000010
0.000010 0.999960 0.000010 0.000010 0.000010
0.000010 0.000010 0.999960 0.000010 0.000010
0.841146 0.158824 0.000010 0.000010 0.000010
0.000010 0.000010 0.000010 0.999960 0.000010
0.792315 0.000010 0.000010 0.207655 0.000010
0.000010 0.000010 0.000010 0.000010 0.999960
0.080730 0.000010 0.356364 0.000010 0.562887
0.388305 0.000010 0.045531 0.566144 0.000010
0.000010 0.000010 0.000010 0.000010 0.999960
0.999960 0.000010 0.000010 0.000010 0.000010
0.000010 0.000010 0.000010 0.999960 0.000010
0.000010 0.999960 0.000010 0.000010 0.000010
0.999960 0.000010 0.000010 0.000010 0.000010
0.000010 0.935415 0.000010 0.064555 0.000010
0.999960 0.000010 0.000010 0.000010 0.000010
0.000012 0.999958 0.000010 0.000010 0.000010
0.000010 0.000010 0.000010 0.999960 0.000010
0.693990 0.000010 0.000010 0.305980 0.000010
0.066965 0.000010 0.933005 0.000010 0.000010
0.000010 0.000010 0.000011 0.999959 0.000010
0.000010 0.999960 0.000010 0.000010 0.000010
0.732489 0.000010 0.173795 0.093695 0.000010
0.000010 0.000010 0.000010 0.999960 0.000010
0.000010 0.999960 0.000010 0.000010 0.000010
0.998584 0.000010 0.000010 0.001386 0.000010
0.000010 0.000010 0.999960 0.000010 0.000010
0.999960 0.000010 0.000010 0.000010 0.000010
0.000010 0.000010 0.000010 0.999960 0.000010
0.000010 0.000010 0.999960 0.000010 0.000010
0.957916 0.042053 0.000012 0.000010 0.000010
0.000010 0.000015 0.000010 0.000010 0.999955
0.795342 0.204628 0.000010 0.000010 0.000010
0.000010 0.000010 0.000010 0.999960 0.000010
0.398234 0.000010 0.000010 0.601736 0.000010
0.924967 0.000010 0.075003 0.000010 0.000010
0.193594 0.000010 0.461305 0.345081 0.000010
0.000010 0.999960 0.000010 0.000010 0.000010
0.000010 0.000010 0.000010 0.999960 0.000010
0.000010 0.000010 0.000010 0.000010 0.999960
0.999960 0.000010 0.000010 0.000010 0.000010
0.774806 0.000010 0.000010 0.060355 0.164819
0.999960 0.000010 0.000010 0.000010 0.000010
0.000010 0.000010 0.000010 0.000010 0.999960
0.888651 0.000010 0.000010 0.106913 0.004416
0.000010 0.000010 0.000010 0.999960 0.000010
0.999960 0.000010 0.000010 0.000010 0.000010
0.000012 0.000010 0.000010 0.999958 0.000010
0.000010 0.000010 0.000010 0.000010 0.999960
0.000010 0.000010 0.999960 0.000010 0.000010
0.000010 0.000010 0.999960 0.000010 0.000010
0.861389 0.000010 0.000010 0.138581 0.000010
0.000010 0.000010 0.000010 0.999960 0.000010
0.000010 0.000010 0.999960 0.000010 0.000010
0.000010 0.000010 0.000010 0.000010 0.999960
0.000010 0.000010 0.999960 0.000010 0.000010
0.999957 0.000013 0.000010 0.000010 0.000010
0.000010 0.000010 0.000010 0.999960 0.000010
0.000010 0.000010 0.000010 0.000010 0.999960
0.000010 0.999960 0.000010 0.000010 0.000010
0.866087 0.000010 0.000010 0.133883 0.000010
0.000010 0.000010 0.000010 0.999960 0.000010
0.000015 0.000017 0.000010 0.999948 0.000010
0.000010 0.000010 0.999960 0.000010 0.000010
0.110359 0.000010 0.000010 0.889611 0.000010
0.000010 0.000010 0.000010 0.999960 0.000010
0.000010 0.000010 0.999960 0.000010 0.000010
0.000010 0.999960 0.000010 0.000010 0.000010
0.000010 0.000010 0.000010 0.000010 0.999960
0.999960 0.000010 0.000010 0.000010 0.000010
0.000010 0.000010 0.000010 0.000010 0.999960
0.661795 0.000010 0.000010 0.338175 0.000010
0.000010 0.999960 0.000010 0.000010 0.000010
0.000010 0.999960 0.000010 0.000010 0.000010
0.000010 0.000010 0.000010 0.000010 0.999960
0.000010 0.999960 0.000010 0.000010 0.000010
0.000010 0.999960 0.000010 0.000010 0.000010
0.999960 0.000010 0.000010 0.000010 0.000010
0.000010 0.000010 0.417074 0.000010 0.582896
0.000010 0.000010 0.999960 0.000010 0.000010
0.999960 0.000010 0.000010 0.000010 0.000010
0.000010 0.000010 0.000010 0.000010 0.999960
0.999960 0.000010 0.000010 0.000010 0.000010
0.786357 0.000010 0.000010 0.213613 0.000010
0.000010 0.000010 0.000010 0.999960 0.000010
0.000010 0.000010 0.999952 0.000018 0.000010
0.000010 0.000010 0.000010 0.999960 0.000010
0.000010 0.000010 0.000010 0.999960 0.000010
0.000010 0.984604 0.000010 0.015366 0.000010
0.470153 0.000010 0.000010 0.529817 0.000010
0.000010 0.000010 0.999960 0.000010 0.000010
0.000010 0.999960 0.000010 0.000010 0.000010
0.000010 0.999960 0.000010 0.000010 0.000010
0.000010 0.000010 0.000010 0.999960 0.000010
0.999960 0.000010 0.000010 0.000010 0.000010
0.999960 0.000010 0.000010 0.000010 0.000010
0.999960 0.000010 0.000010 0.000010 0.000010
0.000010 0.999960 0.000010 0.000010 0.000010
