0.000010 0.721752 0.278228 0.000010
0.000010 0.999970 0.000010 0.000010
0.000010 0.000010 0.999970 0.000010
0.999970 0.000010 0.000010 0.000010
0.000010 0.332093 0.667887 0.000010
0.000010 0.000010 0.999970 0.000010
0.427889 0.297576 0.000010 0.274525
0.000010 0.000010 0.000010 0.999970
0.999970 0.000010 0.000010 0.000010
0.000010 0.999970 0.000010 0.000010
0.000010 0.000010 0.000010 0.999970
0.000010 0.000010 0.999970 0.000010
0.000010 0.000010 0.999970 0.000010
0.286298 0.000010 0.000010 0.713682
0.000010 0.000010 0.999970 0.000010
0.999970 0.000010 0.000010 0.000010
0.000010 0.000010 0.999970 0.000010
0.779194 0.220786 0.000010 0.000010
0.381116 0.000010 0.000010 0.618864
0.999970 0.000010 0.000010 0.000010
0.999970 0.000010 0.000010 0.000010
0.299949 0.000010 0.700031 0.000010
0.000010 0.000010 0.000010 0.999970
0.000010 0.000010 0.999970 0.000010
0.000010 0.000010 0.999970 0.000010
0.000010 0.000010 0.310252 0.689728
0.000014 0.000015 0.999961 0.000010
0.999970 0.000010 0.000010 0.000010
0.999970 0.000010 0.000010 0.000010
0.572884 0.427096 0.000010 0.000010
0.000010 0.999970 0.000010 0.000010
0.000010 0.999970 0.000010 0.000010
0.000010 0.999969 0.000011 0.000010
0.000016 0.000010 0.999964 0.000010
0.000010 0.999970 0.000010 0.000010
0.000010 0.999970 0.000010 0.000010
0.000010 0.000010 0.000010 0.999970
0.999970 0.000010 0.000010 0.000010
0.000010 0.000010 0.000010 0.999970
0.000010 0.999970 0.000010 0.000010
0.999970 0.000010 0.000010 0.000010
0.999970 0.000010 0.000010 0.000010
0.000010 0.000010 0.000010 0.999970
0.000010 0.000010 0.999970 0.000010
0.999970 0.000010 0.000010 0.000010
0.000010 0.000010 0.000010 0.999970
0.000010 0.000010 0.000010 0.999970
0.000010 0.000010 0.000010 0.999970
0.999970 0.000010 0.000010 0.000010
0.000010 0.000010 0.000010 0.999970
0.246188 0.753792 0.000010 0.000010
0.000010 0.999970 0.000010 0.000010
0.000010 0.999970 0.000010 0.000010
0.000010 0.999970 0.000010 0.000010
0.000010 0.000010 0.000010 0.999970
0.000010 0.999970 0.000010 0.000010
0.000010 0.363088 0.295491 0.341412
0.000010 0.576629 0.000010 0.423351
0.999970 0.000010 0.000010 0.000010
0.000010 0.000010 0.000010 0.999970
0.000010 0.000010 0.000010 0.999970
0.000010 0.000010 0.000010 0.999970
0.000010 0.000010 0.000010 0.999970
0.000010 0.000010 0.999970 0.000010
0.418444 0.000010 0.581536 0.000010
0.000010 0.999970 0.000010 0.000010
0.000010 0.000010 0.000010 0.999970
0.000010 0.560266 0.000010 0.439714
0.587490 0.000014 0.412486 0.000010
0.000010 0.000010 0.999970 0.000010
0.000010 0.000010 0.000010 0.999970
0.484617 0.515363 0.000010 0.000010
0.000010 0.000010 0.999970 0.000010
0.999970 0.000010 0.000010 0.000010
0.000010 0.000010 0.999970 0.000010
0.999970 0.000010 0.000010 0.000010
0.000010 0.000010 0.000010 0.999970
0.483929 0.516046 0.000015 0.000010
0.000013 0.000010 0.999967 0.000010
0.999970 0.000010 0.000010 0.000010
0.000010 0.000010 0.999970 0.000010
0.562822 0.000010 0.437158 0.000010
0.999970 0.000010 0.000010 0.000010
0.000010 0.000010 0.000010 0.999970
0.000010 0.000010 0.999970 0.000010
0.999970 0.000010 0.000010 0.000010
0.000010 0.999970 0.000010 0.000010
0.999970 0.000010 0.000010 0.000010
0.000010 0.000010 0.999970 0.000010
0.999970 0.000010 0.000010 0.000010
0.000010 0.999970 0.000010 0.000010
0.000010 0.999970 0.000010 0.000010
0.000010 0.000010 0.999970 0.000010
0.000010 0.525186 0.000010 0.474794
0.000010 0.000010 0.999970 0.000010
0.000010 0.000010 0.406573 0.593407
0.999970 0.000010 0.000010 0.000010
