0.000010 0.999980 0.000010
0.000010 0.999980 0.000010
0.000010 0.000010 0.999980
0.000010 0.999980 0.000010
0.999980 0.000010 0.000010
0.000010 0.000010 0.999980
0.000010 0.000010 0.999980
0.000010 0.999980 0.000010
0.999980 0.000010 0.000010
0.000010 0.000010 0.999980
0.000010 0.000010 0.999980
0.999980 0.000010 0.000010
0.000010 0.999980 0.000010
0.358812 0.000010 0.641178
0.000010 0.999980 0.000010
0.999980 0.000010 0.000010
0.000010 0.999980 0.000010
0.000010 0.999980 0.000010
0.000010 0.999980 0.000010
0.000010 0.999980 0.000010
0.604606 0.000010 0.395384
0.000010 0.999980 0.000010
0.999980 0.000010 0.000010
0.000010 0.999980 0.000010
0.999980 0.000010 0.000010
0.000010 0.999980 0.000010
0.000010 0.454965 0.545025
0.999980 0.000010 0.000010
0.000010 0.000010 0.999980
0.730393 0.000010 0.269597
0.000010 0.999980 0.000010
0.000010 0.999980 0.000010
0.000010 0.480552 0.519438
0.000010 0.000010 0.999980
0.000010 0.700087 0.299903
0.000010 0.999980 0.000010
0.560867 0.000010 0.439123
0.000010 0.000010 0.999980
0.000010 0.000010 0.999980
0.000010 0.000010 0.999980
0.000010 0.999980 0.000010
0.000010 0.000010 0.999980
0.999980 0.000010 0.000010
0.000010 0.758958 0.241032
0.000010 0.000010 0.999980
0.000010 0.999980 0.000010
0.000010 0.999980 0.000010
0.999980 0.000010 0.000010
0.340472 0.000010 0.659518
0.999980 0.000010 0.000010
0.000010 0.999980 0.000010
0.000018 0.000010 0.999972
0.495382 0.000010 0.504608
0.000012 0.999978 0.000010
0.000010 0.000010 0.999980
0.000010 0.000010 0.999980
0.000010 0.000010 0.999980
0.999980 0.000010 0.000010
0.000010 0.000010 0.999980
0.999980 0.000010 0.000010
0.000010 0.999980 0.000010
0.999980 0.000010 0.000010
0.000010 0.999980 0.000010
0.326753 0.000010 0.673237
0.999980 0.000010 0.000010
0.000010 0.431311 0.568679
0.000010 0.999980 0.000010
0.999980 0.000010 0.000010
0.000010 0.999980 0.000010
0.000010 0.000010 0.999980
0.000010 0.999980 0.000010
0.000010 0.000010 0.999980
0.999980 0.000010 0.000010
0.000010 0.999980 0.000010
0.000010 0.999980 0.000010
0.999980 0.000010 0.000010
0.000010 0.999980 0.000010
0.000010 0.000010 0.999980
0.000010 0.000010 0.999980
0.461352 0.000010 0.538638
0.000010 0.999980 0.000010
0.000010 0.000010 0.999980
0.000010 0.999980 0.000010
0.000010 0.460295 0.539695
0.999980 0.000010 0.000010
0.000010 0.000010 0.999980
0.999980 0.000010 0.000010
0.999980 0.000010 0.000010
0.999980 0.000010 0.000010
0.999980 0.000010 0.000010
0.000010 0.000010 0.999980
0.999980 0.000010 0.000010
0.000010 0.000010 0.999980
0.999980 0.000010 0.000010
0.000010 0.999980 0.000010
0.999980 0.000010 0.000010
0.000010 0.000010 0.999980
