0.000010 0.999960 0.000010 0.000010 0.000010
0.679884 0.000010 0.000010 0.320086 0.000010
0.249951 0.000010 0.000010 0.750019 0.000010
0.000010 0.000010 0.466807 0.533163 0.000010
0.000010 0.000010 0.597456 0.000010 0.402514
0.367785 0.000010 0.632185 0.000010 0.000010
0.000010 0.000010 0.301768 0.000010 0.698202
0.000010 0.000010 0.658235 0.000010 0.341735
0.000010 0.999960 0.000010 0.000010 0.000010
0.257806 0.000010 0.000011 0.000010 0.742163
0.000010 0.000010 0.551830 0.448140 0.000010
0.618553 0.000010 0.000010 0.381417 0.000010
0.000010 0.000010 0.000010 0.431963 0.568007
0.000010 0.000010 0.428730 0.571240 0.000010
0.000010 0.000010 0.000010 0.999960 0.000010
0.327710 0.000010 0.000010 0.000010 0.672260
0.000010 0.999960 0.000010 0.000010 0.000010
0.000010 0.999960 0.000010 0.000010 0.000010
0.000010 0.000010 0.000010 0.000010 0.999960
0.000010 0.000010 0.999960 0.000010 0.000010
0.000010 0.568644 0.184683 0.246653 0.000010
0.000010 0.000010 0.191248 0.808722 0.000010
0.000010 0.000010 0.999960 0.000010 0.000010
0.219414 0.000010 0.091725 0.000010 0.688841
0.395106 0.604864 0.000010 0.000010 0.000010
0.679108 0.000010 0.320862 0.000010 0.000010
0.000010 0.000010 0.403983 0.000010 0.595987
0.000010 0.724067 0.275903 0.000010 0.000010
0.000010 0.581025 0.000010 0.418945 0.000010
0.589657 0.000010 0.000010 0.410313 0.000010
0.877849 0.000010 0.000010 0.000010 0.122121
0.521737 0.000010 0.478233 0.000010 0.000010
0.604647 0.000010 0.000010 0.000010 0.395323
0.000010 0.000010 0.000010 0.000010 0.999960
0.000010 0.000010 0.000010 0.999960 0.000010
0.204710 0.000010 0.795260 0.000010 0.000010
0.000010 0.000010 0.475831 0.524139 0.000010
0.000010 0.000010 0.274262 0.000010 0.725708
0.999960 0.000010 0.000010 0.000010 0.000010
0.339220 0.000010 0.660750 0.000010 0.000010
0.000010 0.999960 0.000010 0.000010 0.000010
0.000010 0.000010 0.450785 0.000010 0.549185
0.000010 0.000010 0.000010 0.999960 0.000010
0.261852 0.000010 0.000010 0.000010 0.738118
0.999960 0.000010 0.000010 0.000010 0.000010
0.000010 0.999960 0.000010 0.000010 0.000010
0.000010 0.000010 0.678357 0.321613 0.000010
0.000010 0.000010 0.999960 0.000010 0.000010
0.000010 0.000010 0.211557 0.788413 0.000010
0.000010 0.000011 0.999959 0.000010 0.000010
0.237751 0.000013 0.762216 0.000010 0.000010
0.541408 0.000010 0.458562 0.000010 0.000010
0.094545 0.905425 0.000010 0.000010 0.000010
0.000010 0.000010 0.098192 0.000010 0.901778
0.000010 0.000010 0.135086 0.864884 0.000010
0.000010 0.634686 0.000010 0.000010 0.365284
0.000010 0.000010 0.000010 0.999960 0.000010
0.644545 0.000010 0.355418 0.000017 0.000010
0.999960 0.000010 0.000010 0.000010 0.000010
0.000010 0.999960 0.000010 0.000010 0.000010
0.000010 0.000010 0.999960 0.000010 0.000010
0.000010 0.000010 0.723261 0.276709 0.000010
0.000010 0.000010 0.000010 0.999960 0.000010
0.000010 0.999960 0.000010 0.000010 0.000010
0.000010 0.000010 0.000010 0.000010 0.999960
0.335877 0.000010 0.000010 0.000010 0.664093
0.000010 0.654365 0.345605 0.000010 0.000010
0.433817 0.000010 0.000010 0.566153 0.000010
0.000010 0.999960 0.000010 0.000010 0.000010
0.313590 0.000010 0.000010 0.686380 0.000010
0.000010 0.525256 0.192578 0.282146 0.000010
0.446941 0.553029 0.000010 0.000010 0.000010
0.000010 0.000010 0.420649 0.579321 0.000010
0.258333 0.000010 0.000010 0.741637 0.000010
0.000010 0.000010 0.000010 0.000010 0.999960
0.000010 0.000010 0.000010 0.999960 0.000010
0.252631 0.000010 0.747339 0.000010 0.000010
0.000010 0.000010 0.445715 0.554255 0.000010
0.000010 0.996044 0.003926 0.000010 0.000010
0.999958 0.000010 0.000010 0.000012 0.000010
0.000010 0.000010 0.377137 0.000010 0.622833
0.354693 0.000010 0.000010 0.575585 0.069701
0.000010 0.999960 0.000010 0.000010 0.000010
0.393662 0.000013 0.000010 0.000010 0.606305
0.000010 0.999960 0.000010 0.000010 0.000010
0.640927 0.000010 0.000010 0.000010 0.359043
0.318927 0.000010 0.000010 0.000010 0.681043
0.999960 0.000010 0.000010 0.000010 0.000010
0.733486 0.266482 0.000010 0.000012 0.000010
